-1,-1,sRwfRki0ejDot70mYW18pHlxAic=,e7i91MrtQjCFnk5lYX8tdw05yKk=
